# Lithospheric field model of MSCM        
# created on 10-Mar-2025 10:25  
      16       0     -0.119742799166
      16       1      0.116135921070
      16      -1      0.309767990247
      16       2     -0.328878857683
      16      -2      0.133402301337
      16       3      0.128942393873
      16      -3      0.266665206715
      16       4     -0.052864707991
      16      -4     -0.064017683078
      16       5      0.007088658779
      16      -5     -0.152513050563
      16       6      0.092304160341
      16      -6     -0.025472039251
      16       7     -0.011601546289
      16      -7     -0.088274516677
      16       8      0.221982267334
      16      -8      0.023962674647
      16       9     -0.216838071050
      16      -9      0.023541066188
      16      10      0.204383033673
      16     -10     -0.087806433363
      16      11      0.206113921752
      16     -11     -0.038800814031
      16      12     -0.068623215416
      16     -12     -0.109985767377
      16      13     -0.157413415799
      16     -13     -0.098183507355
      16      14     -0.029766466765
      16     -14      0.149866993177
      16      15     -0.030424092048
      16     -15     -0.017452946258
      16      16     -0.132305939264
      16     -16     -0.045441165832
      17       0     -0.142208724805
      17       1      0.032243996969
      17      -1      0.137699147642
      17       2     -0.065980530020
      17      -2     -0.273254903170
      17       3      0.295055011115
      17      -3     -0.027660201875
      17       4      0.210166951825
      17      -4     -0.086062163381
      17       5     -0.001747126020
      17      -5     -0.243429726179
      17       6      0.026937536440
      17      -6     -0.023315518859
      17       7     -0.074890365497
      17      -7     -0.291379875400
      17       8      0.142052964955
      17      -8      0.022698934123
      17       9      0.102593849821
      17      -9     -0.041928182640
      17      10      0.016491850535
      17     -10     -0.045535282298
      17      11     -0.145017607262
      17     -11      0.115917515450
      17      12     -0.122731380246
      17     -12      0.100237088530
      17      13     -0.015193229184
      17     -13     -0.032797803379
      17      14      0.015367336225
      17     -14     -0.033572457694
      17      15      0.076832563880
      17     -15      0.061560121580
      17      16      0.012168064052
      17     -16     -0.323050586240
      17      17     -0.149967436545
      17     -17      0.049941959937
      18       0      0.189260496389
      18       1      0.104481597847
      18      -1      0.060148768554
      18       2      0.030850772093
      18      -2      0.128350313007
      18       3      0.175730696856
      18      -3     -0.067502272316
      18       4     -0.039308825484
      18      -4      0.087290243157
      18       5      0.095953428749
      18      -5     -0.064674066888
      18       6      0.200584094824
      18      -6      0.087887188289
      18       7     -0.028992465096
      18      -7     -0.212360498210
      18       8      0.034273055443
      18      -8     -0.118028921386
      18       9     -0.051999543267
      18      -9     -0.145709988436
      18      10      0.124463210385
      18     -10      0.167855012799
      18      11     -0.006542346732
      18     -11      0.116249921265
      18      12     -0.047759404929
      18     -12     -0.120812530693
      18      13     -0.024275083733
      18     -13     -0.061224049031
      18      14     -0.001224579552
      18     -14      0.142256296732
      18      15      0.024533185614
      18     -15     -0.023963514181
      18      16     -0.007485739473
      18     -16      0.039698659221
      18      17      0.125985704214
      18     -17     -0.058287478020
      18      18     -0.017501595872
      18     -18      0.120984422808
      19       0     -0.140636974562
      19       1      0.460582745646
      19      -1      0.089167193916
      19       2     -0.116951015265
      19      -2     -0.034118238674
      19       3      0.071984395945
      19      -3     -0.022805980525
      19       4      0.057138040368
      19      -4      0.087732322952
      19       5      0.062127069478
      19      -5     -0.345602136930
      19       6     -0.005409659398
      19      -6     -0.005359437061
      19       7      0.115233375345
      19      -7     -0.159836783657
      19       8     -0.019549468788
      19      -8     -0.016962000545
      19       9      0.095910102206
      19      -9     -0.029801225120
      19      10     -0.062073127242
      19     -10      0.088690225353
      19      11      0.029530164112
      19     -11      0.171482727510
      19      12     -0.097917074957
      19     -12      0.018312098411
      19      13     -0.014693563545
      19     -13      0.071668878148
      19      14      0.098205179423
      19     -14     -0.130584693022
      19      15      0.155665222020
      19     -15      0.097561592536
      19      16      0.057113515657
      19     -16     -0.034289653992
      19      17     -0.020833569191
      19     -17      0.002772172539
      19      18      0.054833107002
      19     -18     -0.091512901269
      19      19     -0.066677032269
      19     -19     -0.009441092160
      20       0     -0.094373630497
      20       1      0.227075341525
      20      -1      0.057897125166
      20       2     -0.110248533729
      20      -2      0.200549540989
      20       3      0.161122011753
      20      -3      0.102792828053
      20       4     -0.173301920601
      20      -4     -0.322056505604
      20       5      0.329028916026
      20      -5      0.049780987800
      20       6      0.235453959708
      20      -6      0.086819392652
      20       7     -0.085576398555
      20      -7      0.123433637164
      20       8     -0.021286423638
      20      -8     -0.178205489366
      20       9      0.052716127354
      20      -9     -0.184883645570
      20      10      0.060063784006
      20     -10     -0.044590485693
      20      11     -0.164182590433
      20     -11      0.031547610640
      20      12     -0.013731305660
      20     -12      0.016692226499
      20      13     -0.078272957914
      20     -13      0.024945955895
      20      14      0.060462263833
      20     -14     -0.144690151012
      20      15     -0.004759051386
      20     -15      0.039992643462
      20      16      0.017791771580
      20     -16      0.069932106341
      20      17     -0.002421805159
      20     -17      0.035540574090
      20      18     -0.151103784317
      20     -18      0.161072252021
      20      19      0.053218931874
      20     -19      0.014092207256
      20      20      0.002873166060
      20     -20     -0.090975941737
      21       0     -0.259830590731
      21       1      0.083961889972
      21      -1      0.364791842902
      21       2     -0.124941035384
      21      -2      0.017937989379
      21       3      0.158455666909
      21      -3      0.157993008182
      21       4     -0.065104179169
      21      -4      0.058238519254
      21       5      0.194400471815
      21      -5     -0.213055174078
      21       6     -0.108744544050
      21      -6      0.105052213584
      21       7      0.013639218589
      21      -7     -0.124753828550
      21       8     -0.145050427311
      21      -8     -0.156188320025
      21       9      0.069808283516
      21      -9     -0.134349518260
      21      10     -0.087187289317
      21     -10     -0.056870448035
      21      11      0.073570849455
      21     -11      0.007844848851
      21      12     -0.045401377183
      21     -12     -0.196634960305
      21      13     -0.065430970453
      21     -13      0.017844912826
      21      14      0.062305936112
      21     -14     -0.061544439721
      21      15      0.030603359455
      21     -15     -0.065371532849
      21      16      0.045685581604
      21     -16     -0.142562390426
      21      17     -0.084020960624
      21     -17     -0.091874977560
      21      18     -0.067059209050
      21     -18      0.087337293183
      21      19      0.000818823524
      21     -19     -0.005267651517
      21      20      0.192787576974
      21     -20     -0.127581517912
      21      21      0.204509906572
      21     -21     -0.136157725516
      22       0      0.038789179781
      22       1     -0.037392891172
      22      -1      0.117903179756
      22       2     -0.112400424257
      22      -2     -0.074529563492
      22       3      0.032718504255
      22      -3      0.361581275140
      22       4     -0.137256395489
      22      -4      0.098434752962
      22       5      0.002977327371
      22      -5     -0.009034180130
      22       6      0.083457922672
      22      -6     -0.062579732101
      22       7     -0.177867111664
      22      -7     -0.019681948165
      22       8      0.016980161661
      22      -8     -0.202729930372
      22       9     -0.132753344954
      22      -9     -0.036816503441
      22      10      0.182527187091
      22     -10      0.106947178764
      22      11     -0.067880833757
      22     -11     -0.215781856516
      22      12     -0.106701611911
      22     -12     -0.118468326776
      22      13     -0.014482836378
      22     -13      0.087285806490
      22      14      0.121681366311
      22     -14     -0.028086406096
      22      15     -0.055592493259
      22     -15     -0.173608043583
      22      16      0.075352307204
      22     -16     -0.118544082079
      22      17     -0.056937492156
      22     -17      0.030512197090
      22      18     -0.147171971408
      22     -18      0.004992016737
      22      19      0.018911316714
      22     -19      0.008677763668
      22      20      0.006580249422
      22     -20      0.047264936761
      22      21      0.081794811921
      22     -21      0.066445872052
      22      22      0.106061306275
      22     -22      0.038894016031
      23       0      0.062848024822
      23       1      0.132942130973
      23      -1      0.226153626626
      23       2     -0.258134843521
      23      -2      0.151443398586
      23       3      0.213025997276
      23      -3      0.131128308129
      23       4     -0.006789536557
      23      -4     -0.179231395741
      23       5     -0.184317576690
      23      -5      0.062201496772
      23       6      0.017966673321
      23      -6      0.032889475703
      23       7     -0.020029757796
      23      -7     -0.113477452705
      23       8     -0.182034744310
      23      -8     -0.126724485882
      23       9     -0.211024467321
      23      -9     -0.024826622474
      23      10      0.186391468421
      23     -10     -0.033142406677
      23      11      0.131091681360
      23     -11      0.161272888952
      23      12      0.165656136937
      23     -12     -0.081025659269
      23      13     -0.234980398934
      23     -13     -0.067817660180
      23      14     -0.046862236814
      23     -14      0.236894064539
      23      15      0.068480279602
      23     -15     -0.025399556176
      23      16      0.167275718865
      23     -16     -0.011291592023
      23      17      0.024375291028
      23     -17      0.053281681177
      23      18      0.030257722478
      23     -18      0.007712354658
      23      19      0.005606274121
      23     -19      0.074861100448
      23      20      0.193383754549
      23     -20     -0.019525145094
      23      21      0.121695947895
      23     -21     -0.168598760536
      23      22      0.040216269959
      23     -22     -0.056744401825
      23      23      0.063495278660
      23     -23      0.046949267852
      24       0     -0.043759236001
      24       1     -0.009446716637
      24      -1     -0.082119341706
      24       2      0.239345770831
      24      -2     -0.119700115797
      24       3      0.013359524298
      24      -3      0.035266532819
      24       4      0.009666141112
      24      -4     -0.113936175119
      24       5     -0.081856130017
      24      -5      0.031036137315
      24       6      0.186518004055
      24      -6      0.097258969545
      24       7      0.065671686109
      24      -7      0.108808441370
      24       8      0.288822871032
      24      -8      0.151262289092
      24       9     -0.089156428990
      24      -9     -0.227284396274
      24      10      0.027551907580
      24     -10      0.147513270930
      24      11      0.227426225182
      24     -11      0.192167952918
      24      12      0.159134315554
      24     -12      0.059993772954
      24      13      0.125215152968
      24     -13      0.029548069419
      24      14     -0.064323146440
      24     -14     -0.024975179157
      24      15     -0.052087082328
      24     -15      0.004205867702
      24      16      0.111770496845
      24     -16      0.144585403722
      24      17      0.069261492046
      24     -17      0.070389295006
      24      18     -0.058601161696
      24     -18      0.020248782469
      24      19      0.026027358969
      24     -19      0.104773079031
      24      20     -0.118198111369
      24     -20      0.077964685127
      24      21      0.016190501993
      24     -21      0.048526610854
      24      22     -0.021062024655
      24     -22      0.056415406660
      24      23      0.014414309668
      24     -23      0.007321719015
      24      24     -0.018523078224
      24     -24     -0.016292516512
      25       0      0.070915100542
      25       1      0.077311059369
      25      -1      0.160942286215
      25       2      0.033910861416
      25      -2     -0.215325221938
      25       3      0.195586200836
      25      -3      0.209969803076
      25       4      0.102156317052
      25      -4      0.157099114772
      25       5     -0.027051587213
      25      -5      0.012156947747
      25       6      0.153490000535
      25      -6     -0.063528511140
      25       7     -0.157701352818
      25      -7      0.224506093751
      25       8     -0.011084131304
      25      -8      0.191198078251
      25       9      0.092950877701
      25      -9      0.246866262415
      25      10      0.127332955414
      25     -10     -0.071813982061
      25      11      0.013572021257
      25     -11      0.055638187845
      25      12      0.165325219254
      25     -12      0.281845080892
      25      13      0.207498161189
      25     -13      0.079804621579
      25      14     -0.106665869920
      25     -14      0.009261986552
      25      15     -0.007154129962
      25     -15     -0.130365460384
      25      16      0.111135373996
      25     -16     -0.113415386573
      25      17     -0.000842877408
      25     -17      0.248501792384
      25      18      0.248294082183
      25     -18      0.051346628226
      25      19      0.036405555583
      25     -19     -0.051204434221
      25      20     -0.048118393932
      25     -20     -0.085509080052
      25      21     -0.041184751522
      25     -21     -0.089757418454
      25      22      0.019855300189
      25     -22     -0.004505402107
      25      23     -0.169029005676
      25     -23     -0.060948567141
      25      24     -0.050531515880
      25     -24      0.004311101892
      25      25      0.066583763816
      25     -25      0.003930464014
      26       0      0.109899009629
      26       1      0.219721081171
      26      -1     -0.154684227433
      26       2     -0.186505246381
      26      -2     -0.347020770273
      26       3     -0.037160798106
      26      -3      0.167734979174
      26       4      0.002953123205
      26      -4      0.200835840965
      26       5     -0.159121673835
      26      -5      0.043303247445
      26       6     -0.104820183483
      26      -6     -0.209155242933
      26       7      0.200856159212
      26      -7      0.100309536592
      26       8      0.024337124491
      26      -8      0.048345297685
      26       9      0.180148164949
      26      -9     -0.012463005607
      26      10     -0.120502125696
      26     -10     -0.032634470017
      26      11      0.118938211454
      26     -11      0.154788362688
      26      12      0.291804560284
      26     -12      0.011483175131
      26      13     -0.150287872398
      26     -13     -0.043114907298
      26      14     -0.124429223696
      26     -14     -0.094101087439
      26      15      0.131638334809
      26     -15     -0.044022644129
      26      16      0.118264387751
      26     -16     -0.225622667324
      26      17      0.012343470939
      26     -17      0.027275792458
      26      18      0.030835252810
      26     -18      0.061116027323
      26      19      0.126704599163
      26     -19     -0.089145930453
      26      20     -0.018045913929
      26     -20     -0.052206104724
      26      21     -0.037811612588
      26     -21     -0.085654665150
      26      22      0.036231926931
      26     -22      0.083504614701
      26      23     -0.015143460487
      26     -23      0.008478657418
      26      24      0.023056920397
      26     -24     -0.100088109486
      26      25      0.058614729975
      26     -25     -0.182468225668
      26      26     -0.044709626196
      26     -26      0.105664028387
      27       0      0.122296161234
      27       1      0.092035769218
      27      -1      0.299536322920
      27       2     -0.048734471001
      27      -2     -0.172904351698
      27       3      0.179607204134
      27      -3      0.016562866431
      27       4     -0.134442499689
      27      -4      0.162225035946
      27       5     -0.066665433903
      27      -5      0.139348898167
      27       6      0.106699322189
      27      -6     -0.198201851216
      27       7      0.047645377569
      27      -7     -0.092084047311
      27       8     -0.037732476094
      27      -8     -0.013586939008
      27       9      0.051752645530
      27      -9      0.258246958566
      27      10      0.053743586088
      27     -10     -0.061039972044
      27      11      0.106128518859
      27     -11      0.007264557087
      27      12      0.121388286178
      27     -12     -0.179392130905
      27      13      0.023218956145
      27     -13      0.014449686763
      27      14      0.105312049310
      27     -14     -0.087063470650
      27      15      0.011727363604
      27     -15     -0.016047296516
      27      16      0.060016387516
      27     -16      0.025949538505
      27      17      0.071464375927
      27     -17      0.004552258496
      27      18      0.132816721465
      27     -18     -0.017832883335
      27      19     -0.102337149229
      27     -19     -0.083502943108
      27      20      0.006186842272
      27     -20     -0.089374806249
      27      21     -0.089747415036
      27     -21     -0.134417270071
      27      22     -0.119828225352
      27     -22      0.022911276222
      27      23     -0.005080384889
      27     -23      0.063213816666
      27      24     -0.041262975821
      27     -24      0.048045221243
      27      25     -0.098930658388
      27     -25      0.074206865986
      27      26      0.132315203553
      27     -26      0.033658605831
      27      27     -0.058303813864
      27     -27     -0.033915507858
      28       0     -0.186779545234
      28       1      0.221060502261
      28      -1      0.111870724156
      28       2     -0.086974807382
      28      -2     -0.194292216296
      28       3     -0.132921233806
      28      -3      0.042431097976
      28       4      0.145236967031
      28      -4     -0.014359902882
      28       5      0.088264937048
      28      -5     -0.044576248784
      28       6     -0.165251460442
      28      -6     -0.075793401467
      28       7      0.079931310734
      28      -7      0.217603948980
      28       8      0.130662641808
      28      -8     -0.186841863007
      28       9     -0.066191922803
      28      -9      0.130283812051
      28      10      0.010936841045
      28     -10      0.041933337628
      28      11      0.095494211696
      28     -11     -0.020642914145
      28      12     -0.031643881411
      28     -12     -0.021807464891
      28      13      0.041342087742
      28     -13     -0.047353795088
      28      14      0.148522489942
      28     -14     -0.053946190194
      28      15      0.034243469600
      28     -15      0.090161977285
      28      16      0.023407902532
      28     -16     -0.073138454342
      28      17      0.025936090470
      28     -17      0.031540443741
      28      18     -0.034234602312
      28     -18      0.123557036610
      28      19      0.093275070138
      28     -19     -0.060114071051
      28      20     -0.159506135664
      28     -20     -0.169316402791
      28      21     -0.079797592397
      28     -21      0.064979036069
      28      22      0.068538654368
      28     -22      0.075039579231
      28      23      0.122090389549
      28     -23      0.035442656319
      28      24      0.044517394798
      28     -24      0.005707674730
      28      25      0.047280015753
      28     -25     -0.059522696153
      28      26     -0.027514800925
      28     -26     -0.099939512896
      28      27     -0.020647516129
      28     -27     -0.022356815946
      28      28     -0.075708459069
      28     -28      0.065612659561
      29       0     -0.143070728130
      29       1      0.095728107118
      29      -1     -0.090038356307
      29       2      0.133001562637
      29      -2     -0.009976435527
      29       3      0.176239835931
      29      -3      0.125751431763
      29       4      0.093765375049
      29      -4     -0.007051662148
      29       5      0.072312872702
      29      -5      0.041946023315
      29       6     -0.061974345822
      29      -6     -0.186732279997
      29       7     -0.111553349271
      29      -7     -0.066943938887
      29       8      0.120830332673
      29      -8     -0.123127149582
      29       9      0.021848770775
      29      -9      0.171618128910
      29      10     -0.084058857392
      29     -10     -0.058823514617
      29      11      0.031233739667
      29     -11      0.083547115920
      29      12      0.132102064412
      29     -12      0.061363011433
      29      13      0.107057270231
      29     -13     -0.050927617646
      29      14      0.013704037458
      29     -14     -0.214900934141
      29      15     -0.032710819423
      29     -15      0.099277155562
      29      16      0.187849351364
      29     -16     -0.019907608074
      29      17      0.082700304265
      29     -17     -0.088683522068
      29      18     -0.064907641416
      29     -18      0.105254276409
      29      19     -0.020597912528
      29     -19      0.096256137495
      29      20     -0.004843482045
      29     -20     -0.060881944543
      29      21     -0.045305397518
      29     -21      0.051368385341
      29      22     -0.061755942716
      29     -22      0.101098639550
      29      23     -0.011360858429
      29     -23      0.017203462357
      29      24     -0.054646101288
      29     -24     -0.012580236831
      29      25     -0.062269236006
      29     -25      0.037992999092
      29      26     -0.004298325850
      29     -26      0.029854086475
      29      27     -0.199400519051
      29     -27     -0.021488659421
      29      28      0.061557590473
      29     -28      0.032617908445
      29      29     -0.045018380616
      29     -29     -0.029356217293
      30       0      0.021080470550
      30       1     -0.046952483185
      30      -1      0.129533500447
      30       2      0.179681692390
      30      -2     -0.060683188489
      30       3     -0.342992202015
      30      -3     -0.079151692527
      30       4     -0.088351468546
      30      -4      0.096000091809
      30       5      0.241134242123
      30      -5     -0.251185669551
      30       6     -0.019794054221
      30      -6     -0.230663215470
      30       7      0.041101058933
      30      -7      0.033495186798
      30       8      0.210050813142
      30      -8     -0.240922727107
      30       9      0.130880845312
      30      -9      0.047542162275
      30      10      0.018477128815
      30     -10      0.054802926117
      30      11      0.104549125336
      30     -11     -0.063737347567
      30      12      0.047487853333
      30     -12     -0.127089016144
      30      13      0.194218247417
      30     -13      0.124297060415
      30      14      0.063908218900
      30     -14      0.008451298959
      30      15      0.010214815194
      30     -15     -0.077619185219
      30      16     -0.010654667338
      30     -16     -0.024598888113
      30      17      0.131073637687
      30     -17      0.012341788831
      30      18     -0.017193173584
      30     -18      0.024420935511
      30      19     -0.082981001755
      30     -19      0.173584746074
      30      20     -0.014118367256
      30     -20      0.052115408892
      30      21      0.001817397151
      30     -21      0.013309252130
      30      22     -0.061374825352
      30     -22      0.029287275360
      30      23      0.048191436009
      30     -23      0.079047877910
      30      24      0.087213720126
      30     -24      0.026544038886
      30      25      0.058116613847
      30     -25     -0.091101884782
      30      26     -0.064072675120
      30     -26     -0.146223289720
      30      27      0.056495171063
      30     -27     -0.083150151594
      30      28     -0.037622606778
      30     -28     -0.142340938848
      30      29      0.033005007202
      30     -29      0.128414954479
      30      30     -0.012958742325
      30     -30      0.097708318896
      31       0     -0.237985638745
      31       1      0.068320401890
      31      -1     -0.012540333236
      31       2      0.124890795393
      31      -2     -0.209527855148
      31       3     -0.076469267324
      31      -3     -0.010486891604
      31       4      0.111948605443
      31      -4      0.015366339556
      31       5      0.126915184571
      31      -5     -0.084863236764
      31       6     -0.028362742246
      31      -6     -0.193277999598
      31       7     -0.088071401875
      31      -7      0.037568592702
      31       8      0.001685972911
      31      -8     -0.109809698069
      31       9     -0.062889864602
      31      -9      0.167496596173
      31      10     -0.058165572639
      31     -10      0.023897765119
      31      11      0.022030939928
      31     -11     -0.061523067951
      31      12      0.062454014044
      31     -12     -0.089148254241
      31      13      0.244581165955
      31     -13     -0.030759062548
      31      14     -0.090528669563
      31     -14     -0.000693788654
      31      15     -0.215163940526
      31     -15      0.089118702172
      31      16      0.177252047461
      31     -16      0.033158572499
      31      17      0.017138692860
      31     -17     -0.042562691958
      31      18     -0.083447699561
      31     -18      0.023753947415
      31      19     -0.052023707347
      31     -19      0.142766436962
      31      20     -0.098763708629
      31     -20      0.009695673514
      31      21     -0.000848606916
      31     -21     -0.058350192875
      31      22     -0.040553848892
      31     -22     -0.083259078893
      31      23     -0.045080716874
      31     -23     -0.247426664664
      31      24     -0.118789845160
      31     -24     -0.069909372812
      31      25     -0.048309465757
      31     -25      0.067602505171
      31      26     -0.001876717513
      31     -26      0.052839904339
      31      27      0.006736479849
      31     -27      0.009661864000
      31      28     -0.030789768096
      31     -28      0.023573038586
      31      29     -0.039458290094
      31     -29      0.040554522359
      31      30     -0.032178001520
      31     -30      0.091305759110
      31      31     -0.045499021939
      31     -31      0.049579005771
      32       0     -0.138153993088
      32       1      0.078261672795
      32      -1      0.050554421558
      32       2      0.016357424830
      32      -2      0.028312331972
      32       3     -0.075806891729
      32      -3     -0.041579525369
      32       4     -0.109961774819
      32      -4     -0.028347686599
      32       5      0.033516327768
      32      -5      0.068772222323
      32       6     -0.106219996322
      32      -6     -0.022330769790
      32       7      0.042662673676
      32      -7     -0.106146617021
      32       8     -0.056868710136
      32      -8     -0.153008547537
      32       9     -0.195909843192
      32      -9     -0.013535023304
      32      10     -0.017876986547
      32     -10     -0.045160016251
      32      11      0.047202614531
      32     -11     -0.035095702586
      32      12      0.001141156283
      32     -12     -0.162896975429
      32      13     -0.031274056022
      32     -13     -0.180693370991
      32      14      0.080236479480
      32     -14      0.027054070780
      32      15     -0.192020458310
      32     -15     -0.038581735509
      32      16     -0.093955076110
      32     -16      0.070280796908
      32      17      0.083036657974
      32     -17      0.030465824229
      32      18     -0.045561471720
      32     -18     -0.099053956472
      32      19     -0.203631160417
      32     -19     -0.059659598784
      32      20     -0.235755394893
      32     -20      0.210955341385
      32      21      0.133147978473
      32     -21     -0.066710898580
      32      22      0.083458606321
      32     -22     -0.162535021682
      32      23     -0.028576402897
      32     -23     -0.091632167724
      32      24     -0.041161000404
      32     -24     -0.131206843608
      32      25      0.037620541769
      32     -25      0.066443870070
      32      26      0.116038171395
      32     -26      0.033250922207
      32      27      0.102978331765
      32     -27     -0.123094653248
      32      28     -0.034935580110
      32     -28     -0.124935670249
      32      29      0.070760352142
      32     -29      0.048432836512
      32      30     -0.002304401850
      32     -30      0.034083321177
      32      31     -0.074753322444
      32     -31      0.043684314150
      32      32     -0.044221723809
      32     -32      0.070205239289
      33       0     -0.182981185993
      33       1     -0.183126014107
      33      -1      0.069101701745
      33       2      0.036170036516
      33      -2      0.022215622636
      33       3     -0.107828113085
      33      -3      0.003794729111
      33       4     -0.028565497541
      33      -4     -0.002716510614
      33       5      0.088657895066
      33      -5     -0.254185443882
      33       6     -0.066317750398
      33      -6      0.007788479104
      33       7     -0.193291570016
      33      -7      0.022065655329
      33       8     -0.056555271942
      33      -8      0.011823156212
      33       9     -0.034527334880
      33      -9     -0.139311481495
      33      10     -0.016099071088
      33     -10      0.096879279004
      33      11      0.005170548111
      33     -11     -0.001479934693
      33      12     -0.044763430284
      33     -12      0.037490076544
      33      13      0.108010111123
      33     -13     -0.031079853271
      33      14      0.041618962198
      33     -14     -0.210620897015
      33      15     -0.056719432103
      33     -15     -0.002996588305
      33      16     -0.086770891966
      33     -16      0.069577712983
      33      17      0.058803244622
      33     -17     -0.026822374739
      33      18      0.049714137694
      33     -18     -0.030958758441
      33      19     -0.083208875380
      33     -19      0.061858087357
      33      20     -0.229702206137
      33     -20     -0.041933662931
      33      21      0.002252823095
      33     -21     -0.058560685832
      33      22      0.113711759929
      33     -22     -0.038110236444
      33      23     -0.013527956018
      33     -23     -0.114148832069
      33      24     -0.062497642485
      33     -24     -0.088952458925
      33      25     -0.113498486144
      33     -25     -0.048446281541
      33      26     -0.136484002054
      33     -26      0.106086382456
      33      27      0.091296780480
      33     -27      0.133377497228
      33      28      0.204525471467
      33     -28      0.006155773043
      33      29      0.059451247170
      33     -29      0.090994348034
      33      30     -0.079837864362
      33     -30      0.090856077264
      33      31      0.001731955016
      33     -31      0.039111011718
      33      32     -0.094031808688
      33     -32      0.029245089908
      33      33     -0.012152625465
      33     -33     -0.027402298622
      34       0     -0.303720619182
      34       1     -0.024310557503
      34      -1      0.108840048022
      34       2     -0.076490789072
      34      -2     -0.096715006816
      34       3      0.071880444946
      34      -3      0.157469128663
      34       4     -0.064910012375
      34      -4      0.022723811451
      34       5     -0.033771139050
      34      -5     -0.062780242551
      34       6      0.092712155729
      34      -6      0.048455475577
      34       7      0.010377771819
      34      -7      0.027157929098
      34       8     -0.063018362958
      34      -8     -0.008963037656
      34       9     -0.085989807606
      34      -9     -0.011417430225
      34      10      0.107130736814
      34     -10      0.057152139040
      34      11     -0.033338658713
      34     -11     -0.172113274735
      34      12      0.020912907335
      34     -12      0.045511059751
      34      13      0.065780174036
      34     -13      0.043938311602
      34      14     -0.082350663236
      34     -14      0.202030567087
      34      15      0.131070960438
      34     -15     -0.007452624070
      34      16     -0.046253687741
      34     -16      0.017743519509
      34      17     -0.153927278210
      34     -17      0.095710162432
      34      18      0.074941826069
      34     -18     -0.099649847050
      34      19     -0.076890817401
      34     -19     -0.008796281601
      34      20     -0.227247543036
      34     -20      0.004184367184
      34      21     -0.103466944267
      34     -21     -0.222207066268
      34      22      0.137102324204
      34     -22      0.078025637620
      34      23     -0.036886560648
      34     -23      0.038295262133
      34      24     -0.018275602943
      34     -24      0.017968361760
      34      25      0.014166131653
      34     -25     -0.018200617693
      34      26     -0.010384888549
      34     -26      0.032360844292
      34      27      0.060362314788
      34     -27      0.032845258761
      34      28     -0.042591887235
      34     -28     -0.025457157105
      34      29     -0.005714420914
      34     -29      0.086941750492
      34      30     -0.022750712182
      34     -30      0.033260758920
      34      31     -0.143688161346
      34     -31     -0.082130126200
      34      32     -0.049933362579
      34     -32      0.027023757041
      34      33      0.021260291447
      34     -33     -0.006178822028
      34      34     -0.024189350487
      34     -34      0.032458609439
      35       0     -0.152095451154
      35       1      0.028045895708
      35      -1      0.082247423553
      35       2     -0.034322068837
      35      -2     -0.062051862554
      35       3     -0.015131128560
      35      -3     -0.066100821672
      35       4     -0.040863328224
      35      -4      0.070084545857
      35       5     -0.023479141102
      35      -5     -0.086142024796
      35       6      0.034857656414
      35      -6     -0.013083543187
      35       7      0.080268588527
      35      -7      0.009363071972
      35       8     -0.227892504234
      35      -8      0.105504125229
      35       9     -0.153071774327
      35      -9     -0.065019286120
      35      10      0.128406007259
      35     -10      0.052187478147
      35      11      0.069369870975
      35     -11      0.018023261578
      35      12      0.136861807546
      35     -12      0.051674810264
      35      13      0.022696476998
      35     -13     -0.111501797039
      35      14     -0.008890915656
      35     -14      0.126285596495
      35      15     -0.022974251603
      35     -15      0.062706268534
      35      16      0.058114016757
      35     -16     -0.082677383250
      35      17     -0.015694312648
      35     -17     -0.101483226678
      35      18     -0.132428007772
      35     -18     -0.066994196699
      35      19     -0.104528809473
      35     -19      0.037169608601
      35      20     -0.183038710788
      35     -20      0.109052228139
      35      21      0.019729638663
      35     -21     -0.191097684400
      35      22      0.089193023434
      35     -22     -0.145623336409
      35      23      0.045366380009
      35     -23      0.065391819241
      35      24      0.026583161242
      35     -24      0.094608395599
      35      25      0.069629446477
      35     -25     -0.006075367001
      35      26      0.043270016797
      35     -26     -0.083917876749
      35      27     -0.037807024562
      35     -27      0.017264368705
      35      28      0.004645802879
      35     -28      0.022431830879
      35      29     -0.060065217962
      35     -29      0.036940397958
      35      30      0.064547999847
      35     -30      0.109387189499
      35      31      0.129995074270
      35     -31     -0.168567005850
      35      32     -0.011163147029
      35     -32     -0.040122984342
      35      33      0.030419768259
      35     -33     -0.101526478401
      35      34     -0.009771927896
      35     -34      0.050707173896
      35      35     -0.060150620011
      35     -35     -0.032139602364
      36       0      0.002578761309
      36       1      0.054329530638
      36      -1      0.092824770423
      36       2     -0.103151428915
      36      -2      0.046832980459
      36       3     -0.121504838347
      36      -3      0.091782532397
      36       4      0.044820484250
      36      -4      0.018718314023
      36       5     -0.056086613620
      36      -5      0.134448135742
      36       6      0.111779729265
      36      -6     -0.063816546712
      36       7     -0.010442318195
      36      -7     -0.071768488174
      36       8     -0.018749028694
      36      -8      0.178213034564
      36       9      0.001317690433
      36      -9     -0.006824504933
      36      10     -0.089556896651
      36     -10      0.012069880352
      36      11      0.117976751681
      36     -11     -0.043508565874
      36      12      0.114869492649
      36     -12      0.064997451264
      36      13      0.079693735146
      36     -13     -0.033087959042
      36      14      0.028895153677
      36     -14     -0.078873363573
      36      15     -0.035253267237
      36     -15      0.025983883179
      36      16      0.015282087480
      36     -16      0.032664222056
      36      17      0.103743997473
      36     -17     -0.134319055096
      36      18      0.042830380528
      36     -18     -0.061693921654
      36      19     -0.066668031788
      36     -19      0.061030278993
      36      20     -0.150387734303
      36     -20      0.056981142569
      36      21     -0.077271205569
      36     -21     -0.122976683566
      36      22      0.028527973497
      36     -22     -0.105802733963
      36      23      0.105078363673
      36     -23     -0.074817269550
      36      24     -0.051342613845
      36     -24      0.000449808570
      36      25      0.064150130347
      36     -25      0.119244172372
      36      26     -0.005707446167
      36     -26      0.050865112602
      36      27      0.031021089932
      36     -27      0.035730072274
      36      28      0.085775646118
      36     -28     -0.099115659248
      36      29     -0.077694165079
      36     -29     -0.065388891686
      36      30     -0.135583761886
      36     -30      0.125346250374
      36      31      0.004179121444
      36     -31     -0.044047768733
      36      32     -0.005288070228
      36     -32      0.008812597481
      36      33      0.023253601965
      36     -33      0.130503379364
      36      34      0.072259416178
      36     -34      0.045346982958
      36      35     -0.016616441288
      36     -35      0.060657358578
      36      36     -0.001755687006
      36     -36     -0.007719598237
      37       0     -0.188596983488
      37       1     -0.146335142301
      37      -1      0.103086736511
      37       2      0.157312192972
      37      -2     -0.180561133015
      37       3      0.060871473345
      37      -3     -0.035548245038
      37       4     -0.015714010099
      37      -4      0.019611788612
      37       5     -0.056008050073
      37      -5      0.054780539266
      37       6     -0.221389307820
      37      -6     -0.010037227103
      37       7      0.146975219170
      37      -7      0.084816191062
      37       8     -0.039710372599
      37      -8      0.051242171455
      37       9     -0.170464793037
      37      -9      0.011224158276
      37      10     -0.030991856459
      37     -10      0.127006630623
      37      11     -0.041784764797
      37     -11     -0.019889704745
      37      12      0.211963580561
      37     -12      0.189922364319
      37      13      0.048713712110
      37     -13     -0.120077522291
      37      14     -0.085021256710
      37     -14      0.014624943606
      37      15      0.135067629416
      37     -15      0.089159906177
      37      16      0.017742581555
      37     -16     -0.074227725855
      37      17      0.009101683588
      37     -17     -0.118534176744
      37      18     -0.029447962329
      37     -18     -0.113707991738
      37      19      0.117580516211
      37     -19      0.105797542502
      37      20     -0.014131552617
      37     -20     -0.093262826096
      37      21     -0.089301710308
      37     -21     -0.018786137851
      37      22      0.074151969990
      37     -22      0.043897669883
      37      23      0.056985450629
      37     -23     -0.146022028115
      37      24      0.061454421359
      37     -24      0.059333642615
      37      25      0.074139966302
      37     -25     -0.094967683791
      37      26     -0.128828714832
      37     -26      0.017235294591
      37      27      0.025081076839
      37     -27      0.045165085594
      37      28      0.008164658494
      37     -28     -0.060180261236
      37      29     -0.046733951473
      37     -29     -0.024663474250
      37      30     -0.010064085911
      37     -30      0.012307750239
      37      31      0.079140559349
      37     -31     -0.028053663701
      37      32      0.098025282296
      37     -32     -0.114214076874
      37      33      0.008345585063
      37     -33      0.011973256954
      37      34      0.071664663842
      37     -34     -0.126907387888
      37      35     -0.087197376552
      37     -35     -0.009429340463
      37      36     -0.112243130014
      37     -36      0.047230777699
      37      37     -0.037966957714
      37     -37      0.034812855365
      38       0     -0.132999945268
      38       1      0.050604437460
      38      -1     -0.011209094240
      38       2      0.078260726970
      38      -2     -0.100015330916
      38       3     -0.015812453408
      38      -3      0.140920240740
      38       4     -0.112899370820
      38      -4     -0.091944990386
      38       5     -0.005561130704
      38      -5     -0.131800944845
      38       6      0.066526875531
      38      -6      0.061997305799
      38       7      0.084279497054
      38      -7     -0.019662892995
      38       8     -0.076190570615
      38      -8      0.069494850162
      38       9      0.164817834244
      38      -9     -0.037085491371
      38      10     -0.098993448101
      38     -10     -0.065990092067
      38      11      0.120372721604
      38     -11      0.097489555448
      38      12     -0.036780024956
      38     -12      0.090425066516
      38      13     -0.080592293690
      38     -13      0.120025571569
      38      14     -0.017753718218
      38     -14      0.045324651574
      38      15      0.079096001457
      38     -15     -0.033957952724
      38      16      0.005481938432
      38     -16     -0.071195763535
      38      17     -0.053973966445
      38     -17      0.063190006288
      38      18      0.217408793027
      38     -18     -0.026711752893
      38      19      0.078517105373
      38     -19     -0.054057694086
      38      20     -0.068845678153
      38     -20      0.108674088473
      38      21      0.039708425695
      38     -21     -0.143325907767
      38      22     -0.038679828612
      38     -22     -0.007706436732
      38      23      0.081268290963
      38     -23     -0.096716166833
      38      24      0.134643217910
      38     -24     -0.063516399994
      38      25      0.113744987373
      38     -25     -0.031917116292
      38      26     -0.123689290964
      38     -26     -0.053198940993
      38      27     -0.143685073062
      38     -27      0.107168576596
      38      28      0.063773944478
      38     -28      0.024838269462
      38      29      0.050664844575
      38     -29     -0.052722721477
      38      30      0.021333246567
      38     -30     -0.028907921421
      38      31     -0.006605357219
      38     -31     -0.093440888932
      38      32     -0.047436832924
      38     -32     -0.001987863717
      38      33     -0.031379533675
      38     -33      0.174492451752
      38      34      0.075564090515
      38     -34      0.172312941618
      38      35      0.155257050073
      38     -35      0.019147986501
      38      36      0.042939237331
      38     -36     -0.061858955626
      38      37      0.077837186196
      38     -37     -0.096403986906
      38      38     -0.034021106622
      38     -38     -0.043869328245
      39       0     -0.262845883412
      39       1      0.058581366214
      39      -1      0.137672491889
      39       2     -0.056050042095
      39      -2     -0.125460543215
      39       3     -0.015415129903
      39      -3     -0.040805345525
      39       4     -0.141454488712
      39      -4     -0.000738322507
      39       5      0.221957548993
      39      -5      0.046990993569
      39       6      0.082698398763
      39      -6     -0.084502135042
      39       7      0.168573450019
      39      -7     -0.181909565644
      39       8      0.008795637636
      39      -8      0.290764404446
      39       9      0.057762159095
      39      -9      0.094599344559
      39      10     -0.202246171378
      39     -10      0.139506984202
      39      11      0.037262309063
      39     -11     -0.029354079439
      39      12      0.087274967932
      39     -12      0.104689342768
      39      13     -0.057152299365
      39     -13      0.015463277435
      39      14     -0.011346404251
      39     -14      0.053415418312
      39      15      0.136701434671
      39     -15      0.055505366407
      39      16      0.070430616939
      39     -16      0.062480603494
      39      17      0.107405933064
      39     -17      0.110152229998
      39      18     -0.043585911786
      39     -18      0.006915321637
      39      19      0.076070714509
      39     -19      0.162194490015
      39      20      0.020777718329
      39     -20      0.050784442037
      39      21     -0.135974337191
      39     -21     -0.122665306939
      39      22     -0.044841259574
      39     -22     -0.122572027391
      39      23      0.081225777337
      39     -23     -0.161717819709
      39      24      0.091849959767
      39     -24     -0.074504442308
      39      25      0.030189368572
      39     -25      0.093716769835
      39      26      0.103238635917
      39     -26     -0.038577266980
      39      27     -0.089124213771
      39     -27      0.078267569891
      39      28     -0.019061425963
      39     -28     -0.002297156749
      39      29     -0.146207289712
      39     -29     -0.041749727132
      39      30      0.012108169857
      39     -30      0.144557572866
      39      31      0.035958306431
      39     -31     -0.019175137541
      39      32      0.069597016932
      39     -32     -0.055893139656
      39      33     -0.004793239221
      39     -33     -0.062184560751
      39      34     -0.128621242629
      39     -34     -0.041418454858
      39      35     -0.026221478881
      39     -35      0.053799657829
      39      36      0.004285726288
      39     -36      0.057356332154
      39      37      0.029818792112
      39     -37      0.026125522804
      39      38      0.003491652610
      39     -38      0.026236983992
      39      39      0.009534643073
      39     -39     -0.031918799012
      40       0     -0.212126053607
      40       1      0.267295574888
      40      -1     -0.026464012143
      40       2     -0.038006807323
      40      -2     -0.173819797543
      40       3     -0.065309207287
      40      -3     -0.039993884155
      40       4     -0.060357374734
      40      -4      0.118746873036
      40       5      0.144964604325
      40      -5      0.131158174850
      40       6     -0.090595172640
      40      -6      0.105062327915
      40       7      0.031389784784
      40      -7     -0.068707093308
      40       8      0.038548920804
      40      -8      0.127948684384
      40       9     -0.051711752649
      40      -9      0.070335046555
      40      10     -0.231907683895
      40     -10      0.001681976707
      40      11      0.079971612339
      40     -11     -0.025012025231
      40      12      0.005238643568
      40     -12      0.045024013413
      40      13     -0.237425305936
      40     -13      0.020095498000
      40      14      0.028997268390
      40     -14      0.280888648974
      40      15      0.142129341274
      40     -15      0.166743934922
      40      16     -0.023942222853
      40     -16      0.242729557006
      40      17     -0.023334559336
      40     -17     -0.009275803326
      40      18     -0.074904760770
      40     -18      0.013518354007
      40      19      0.126684138640
      40     -19      0.115641086998
      40      20     -0.173413703339
      40     -20      0.068679533088
      40      21      0.099093314973
      40     -21      0.047458577702
      40      22      0.051024421322
      40     -22     -0.175320055174
      40      23     -0.139182671314
      40     -23     -0.027290531307
      40      24      0.070955928811
      40     -24      0.004989058345
      40      25      0.000451591851
      40     -25      0.054275179122
      40      26      0.067925160376
      40     -26      0.060357613657
      40      27      0.008970547771
      40     -27     -0.016194570037
      40      28      0.043900390875
      40     -28     -0.046569974343
      40      29     -0.064353095689
      40     -29     -0.028830349235
      40      30     -0.041137528084
      40     -30      0.084438363932
      40      31      0.135751577846
      40     -31      0.080627963128
      40      32      0.022233649939
      40     -32     -0.093627079103
      40      33     -0.053203557670
      40     -33      0.086193427635
      40      34      0.014045953573
      40     -34      0.056716527567
      40      35      0.087005676321
      40     -35     -0.095370146855
      40      36      0.011494731050
      40     -36     -0.017099624385
      40      37     -0.028486122105
      40     -37      0.055540617121
      40      38      0.012196162644
      40     -38     -0.065584140358
      40      39      0.008731368678
      40     -39     -0.093269004176
      40      40      0.020179668090
      40     -40     -0.005208025239
