# Magnetospheric field model of MSCM
# Created on 10-Mar-2025 10:25
       1       0       1      0.235821832935
       1       0       2     -0.449312253956
       1       0       3      0.994908167581
       1       0       4      2.427986063350
       1       0       5      1.744780766968
       1       0       6      1.460540376153
       1       0       7      0.683465710335
       1       0       8      1.129761363841
       1       0       9      1.881749163861
       1       0      10      0.979949119884
       1       0      11      1.822430811082
       1       0      12      1.614021791647
       1       0      13      0.595392707374
       1       0      14      0.146538384534
       1       0      15      0.760297832261
       1       0      16      2.056828686641
       1       0      17      2.646942327270
       1       0      18      1.016829096999
       1       0      19      2.004243422411
       1       0      20      1.220056664573
       1       0      21      3.050507460603
       1       0      22      0.369391516675
       1       0      23     -1.945490476322
       1       0      24      0.795324173188
       1       0      25      0.988118638117
       1       0      26      1.106257523863
       1       0      27      0.816380772638
       1       0      28      0.553270271209
       1       0      29      0.045926067279
       1       0      30      2.077600248462
       1       0      31      1.867064787263
       1       0      32      1.562717761664
       1       0      33      1.381142419790
       1       0      34      0.701855030965
       1       0      35      0.488925133446
       1       0      36      0.226604041487
       1       0      37      0.336339283597
       1       0      38     -0.183230464321
       1       0      39      0.095624782961
       1       0      40      0.747875244629
       1       0      41     -0.321884472328
       1       0      42     -0.542227077021
       1       0      43      0.272328000566
       1       0      44      1.323478518661
       1       0      45      1.204759150538
       1       0      46     -0.199773370473
       1       0      47      0.232380070743
       1       0      48      0.528176524376
       1       0      49      0.049411115819
       1       0      50      0.613120631186
       1       0      51      0.985479651698
       1       0      52      0.619540760459
       1       0      53     -0.023230905199
       1       0      54      0.248434385705
       1       0      55      1.003582703358
       1       0      56      1.260509496329
       1       0      57      1.173387067624
       1       0      58      0.924038467506
       1       0      59      0.885835130229
       1       0      60      0.190570084934
       1       0      61      0.445293475239
       1       0      62      0.570639793793
       1       0      63      0.806435454087
       1       0      64      0.390191953519
       1       0      65      1.047457657580
       1       0      66      0.713721966217
       1       0      67      1.505254222742
       1       0      68      1.679037691296
       1       0      69      1.411325115759
       1       0      70      1.698370879447
       1       0      71      0.223906350912
       1       0      72      0.501467980946
       1       0      73      0.240529760995
       1       0      74      0.774100942848
       1       0      75      1.625744141391
       1       0      76      0.711384054295
       1       0      77      0.049363273002
       1       0      78      0.543771701409
       1       0      79      2.103678662268
       1       0      80      2.566042583992
       1       0      81      1.516977162667
       1       0      82      0.970232604041
       1       0      83      0.999829253103
       1       0      84      1.457682939880
       1       0      85      0.642865650520
       1       0      86      0.124664064537
       1       0      87      0.957486503108
       1       0      88      2.049948147778
       1       0      89     -0.207982561697
       1       0      90      0.689677846500
       1       0      91     -0.040862337400
       1       0      92      0.616726229623
       1       0      93      2.665803928002
       1       0      94      1.139213647783
       1       0      95      0.879026738304
       1       0      96      1.309957305766
       1       0      97      1.829069431051
       1       0      98      0.122561815593
       1       0      99     -0.366558808660
       1       0     100      1.587355903952
       1       0     101      2.767061397794
       1       0     102     -0.154977004008
       1       0     103     -0.353606928141
       1       0     104      1.083464392102
       1       0     105      1.480285245420
       1       0     106      1.397904437205
       1       0     107     -1.031914705033
       1       0     108     -0.384397771450
       1       0     109      1.002900079755
       1       0     110      1.542078672597
       1       0     111     -0.366544143099
       1       0     112      0.353274620563
       1       0     113      1.260131989386
       1       0     114      2.350992351177
       1       0     115      1.503322421893
       1       0     116      0.362908372930
       1       0     117      1.210465688332
       1       0     118      1.988374889369
       1       0     119      2.328474521833
       1       0     120      0.888807774220
       1       0     121      0.220213683493
       1       0     122      0.888350146027
       1       0     123      1.205575701783
       1       0     124     -2.231589392773
       1       0     125     -7.161941428614
       1       0     126     -5.445832590374
       1       0     127      0.012911185628
       1       0     128      3.250282835178
       1       0     129      3.016352697489
       1       0     130      1.796652062949
       1       0     131     13.854649551494
       1       0     132      7.670880222429
       1       1       1      0.873093511793
       1       1       2      1.057693476038
       1       1       3      0.301760658891
       1       1       4     -0.291210825414
       1       1       5      0.086179354883
       1       1       6     -0.980390153269
       1       1       7     -1.363453446590
       1       1       8     -0.178406883823
       1       1       9     -0.036681230580
       1       1      10     -0.703348561086
       1       1      11      0.045272749842
       1       1      12      0.064825236215
       1       1      13     -1.045871478118
       1       1      14      1.237857157070
       1       1      15      2.148190293388
       1       1      16      0.788966195381
       1       1      17     -0.233830532871
       1       1      18     -0.055484201149
       1       1      19     -1.196195532941
       1       1      20     -2.107647439955
       1       1      21     -2.037777237428
       1       1      22     -0.988119263727
       1       1      23     -0.802669923508
       1       1      24      1.344570671755
       1       1      25      2.050916360311
       1       1      26      0.827513689429
       1       1      27      0.063516470483
       1       1      28      0.574054300229
       1       1      29     -0.586904522084
       1       1      30     -1.649418983805
       1       1      31     -0.338997692156
       1       1      32     -0.851446103872
       1       1      33     -1.309233244766
       1       1      34     -1.133260079555
       1       1      35     -0.563412157986
       1       1      36     -0.042949906373
       1       1      37      0.645943027874
       1       1      38      1.696303205350
       1       1      39      1.458762160766
       1       1      40      0.120964316848
       1       1      41     -0.461120507029
       1       1      42     -1.444096215644
       1       1      43     -0.882969881551
       1       1      44     -0.614461388634
       1       1      45     -0.271136272603
       1       1      46     -1.783621527278
       1       1      47     -1.177468587802
       1       1      48      0.089374319815
       1       1      49      0.515381137969
       1       1      50      1.736467443267
       1       1      51      1.301719818897
       1       1      52      0.500132232412
       1       1      53     -0.666466974402
       1       1      54     -0.558078561879
       1       1      55     -1.156819215253
       1       1      56     -0.311098293379
       1       1      57     -1.330611837527
       1       1      58     -1.119977945059
       1       1      59     -0.558152173352
       1       1      60     -0.947961123776
       1       1      61     -0.014850960241
       1       1      62      0.353668203770
       1       1      63      0.665476372221
       1       1      64      0.686610521847
       1       1      65     -0.367835592126
       1       1      66     -0.412330469374
       1       1      67     -0.960384270070
       1       1      68     -1.000672023321
       1       1      69     -1.710806864196
       1       1      70     -0.734308288073
       1       1      71     -0.631711527501
       1       1      72     -0.012085622619
       1       1      73      0.364846949756
       1       1      74     -0.245839880857
       1       1      75      0.292798760125
       1       1      76      1.132026629750
       1       1      77      0.467938887049
       1       1      78     -0.810017460613
       1       1      79     -0.212884103932
       1       1      80      0.299046154349
       1       1      81     -1.058346351647
       1       1      82     -1.187621985502
       1       1      83     -0.868122719747
       1       1      84     -0.913651882788
       1       1      85      0.701674557134
       1       1      86      0.657895195373
       1       1      87      0.553453228529
       1       1      88     -0.807533682693
       1       1      89     -0.174197174418
       1       1      90     -0.303692861784
       1       1      91     -1.938321238186
       1       1      92     -1.504324730480
       1       1      93      0.098903895113
       1       1      94     -0.744407876908
       1       1      95     -1.732422686832
       1       1      96     -0.873679421420
       1       1      97      0.153194066127
       1       1      98      0.428773918045
       1       1      99      1.050688037898
       1       1     100      0.818408332164
       1       1     101     -0.363222346036
       1       1     102     -0.291814390033
       1       1     103      0.108534521193
       1       1     104     -2.317964058388
       1       1     105     -3.091052105547
       1       1     106     -0.082942896588
       1       1     107     -0.726598594162
       1       1     108      0.082630331933
       1       1     109      0.868748791542
       1       1     110      0.874582729742
       1       1     111     -0.784298000230
       1       1     112      0.590243334054
       1       1     113      1.143879821577
       1       1     114     -1.332022379560
       1       1     115     -0.931384889686
       1       1     116     -0.027506850304
       1       1     117     -0.320748102073
       1       1     118     -8.357834202696
       1       1     119     -3.680368021952
       1       1     120     -1.737437740532
       1       1     121     -0.368749051878
       1       1     122      0.357392346884
       1       1     123      0.837740727063
       1       1     124     -0.609838873513
       1       1     125     -0.025630716762
       1       1     126     -0.095205846242
       1       1     127     -0.230850614659
       1       1     128     -1.060501490793
       1       1     129     -0.192095717622
       1       1     130     -0.075739049858
       1       1     131     -2.335528382513
       1       1     132     -0.918017793354
       1      -1       1      1.683186204927
       1      -1       2     -0.803575131315
       1      -1       3     -2.417072009559
       1      -1       4      0.786110818398
       1      -1       5      0.221442411855
       1      -1       6     -0.493975772376
       1      -1       7      1.742037533934
       1      -1       8      1.479372258005
       1      -1       9     -0.639000281319
       1      -1      10     -1.222604964722
       1      -1      11     -0.988852008863
       1      -1      12     -1.639302328689
       1      -1      13      0.047227438883
       1      -1      14      2.279034810346
       1      -1      15      1.624900168049
       1      -1      16     -0.284292625457
       1      -1      17      1.875768807040
       1      -1      18     -0.975422246498
       1      -1      19     -2.945164898088
       1      -1      20     -0.391506716298
       1      -1      21      2.261479660091
       1      -1      22      2.609241684233
       1      -1      23      0.877229841343
       1      -1      24      1.102630527239
       1      -1      25     -0.550152661808
       1      -1      26     -1.794854979656
       1      -1      27      0.376085789309
       1      -1      28      1.035855858079
       1      -1      29      0.329585328913
       1      -1      30      1.050844973555
       1      -1      31      1.277694963440
       1      -1      32     -1.372690616955
       1      -1      33     -1.183263743115
       1      -1      34      0.182585565167
       1      -1      35     -0.691368701951
       1      -1      36      0.448067160968
       1      -1      37      0.434883772981
       1      -1      38     -0.105299171239
       1      -1      39     -0.807947100918
       1      -1      40      0.447348756596
       1      -1      41      0.406479756349
       1      -1      42      0.232349081655
       1      -1      43      0.276207022148
       1      -1      44      0.176951433385
       1      -1      45     -0.118043253326
       1      -1      46     -1.145559045355
       1      -1      47      0.254465155232
       1      -1      48      0.030954001270
       1      -1      49      0.324478167325
       1      -1      50     -0.225948627167
       1      -1      51      0.122054438146
       1      -1      52      0.338847584216
       1      -1      53      0.572718362971
       1      -1      54      0.671307848708
       1      -1      55     -0.228179259079
       1      -1      56      0.473173681544
       1      -1      57     -0.958519381548
       1      -1      58     -0.229808432492
       1      -1      59      0.373984867353
       1      -1      60      0.019649305543
       1      -1      61      0.831198825246
       1      -1      62      0.913005532184
       1      -1      63     -0.224788121985
       1      -1      64     -0.460216176941
       1      -1      65      0.111023698483
       1      -1      66      0.456484253575
       1      -1      67     -0.641392428182
       1      -1      68      0.358005761930
       1      -1      69      0.789887005502
       1      -1      70      0.160565772308
       1      -1      71     -0.553750849242
       1      -1      72     -0.274955289124
       1      -1      73     -0.558171232412
       1      -1      74     -0.634851803057
       1      -1      75      1.150031374958
       1      -1      76      1.204191046099
       1      -1      77      0.436949315383
       1      -1      78      0.815150602572
       1      -1      79      0.524273589447
       1      -1      80     -1.093252338127
       1      -1      81     -0.981800223116
       1      -1      82      0.182507532937
       1      -1      83      1.165480557308
       1      -1      84      1.357678171658
       1      -1      85      0.962373502457
       1      -1      86      0.171739072314
       1      -1      87     -1.368319338712
       1      -1      88      0.618737483333
       1      -1      89      2.162676383297
       1      -1      90      0.092087023352
       1      -1      91      0.691987196380
       1      -1      92      2.782778336871
       1      -1      93     -0.930749140086
       1      -1      94     -1.194422153739
       1      -1      95     -1.002699036702
       1      -1      96     -0.255569921755
       1      -1      97     -0.557343704835
       1      -1      98      1.618167965844
       1      -1      99      1.039993062358
       1      -1     100     -0.775540559139
       1      -1     101     -1.573975220894
       1      -1     102      0.701437811865
       1      -1     103     -0.681664052406
       1      -1     104     -1.757248007127
       1      -1     105      2.583615235374
       1      -1     106      2.286694265702
       1      -1     107     -0.435678611899
       1      -1     108      0.073109406663
       1      -1     109     -0.810126784146
       1      -1     110     -2.549165812389
       1      -1     111      0.351185153894
       1      -1     112      2.119207838722
       1      -1     113      0.703271334149
       1      -1     114      0.719751331002
       1      -1     115      2.175370321679
       1      -1     116     -0.794895344096
       1      -1     117     -3.636147091891
       1      -1     118     -1.549231991805
       1      -1     119      1.374492097902
       1      -1     120      1.672765788238
       1      -1     121      0.953535050832
       1      -1     122      0.485027800840
       1      -1     123     -0.052061214086
       1      -1     124     -0.495515900615
       1      -1     125      0.824589181885
       1      -1     126      0.606085993940
       1      -1     127     -0.046599321116
       1      -1     128      0.466670157631
       1      -1     129     -0.456257473171
       1      -1     130     -1.181524690096
       1      -1     131     -0.598817661749
       1      -1     132     -0.143497190352
       1       0             -0.947882228296
       1       1             -0.011816896053
       1      -1              0.015753905565
       2       0             -0.278139236729
       2       1             -1.908439017970
       2      -1              1.732511293975
       2       2             -0.068903765160
       2      -2              0.164390674022
       1       0             10.298021473325
       2       0              0.330466142568
